   0.0000000e+00   1.0017952e+00
   1.0000000e-02   1.0166136e+00
   2.0000000e-02   1.0073689e+00
   3.0000000e-02   1.0153433e+00
   4.0000000e-02   1.0253010e+00
   5.0000000e-02   1.0305422e+00
   6.0000000e-02   1.0393624e+00
   7.0000000e-02   1.0233465e+00
   8.0000000e-02   1.0412019e+00
   9.0000000e-02   1.0331754e+00
   1.0000000e-01   1.0430480e+00
   1.1000000e-01   1.0578182e+00
   1.2000000e-01   1.0422743e+00
   1.3000000e-01   1.0649799e+00
   1.4000000e-01   1.0513276e+00
   1.5000000e-01   1.0478511e+00
   1.6000000e-01   1.0621458e+00
   1.7000000e-01   1.0467397e+00
   1.8000000e-01   1.0534884e+00
   1.9000000e-01   1.0556482e+00
   2.0000000e-01   1.0512725e+00
   2.1000000e-01   1.0670229e+00
   2.2000000e-01   1.0710081e+00
   2.3000000e-01   1.0550329e+00
   2.4000000e-01   1.0696557e+00
   2.5000000e-01   1.0516150e+00
   2.6000000e-01   1.0673352e+00
   2.7000000e-01   1.0529621e+00
   2.8000000e-01   1.0525291e+00
   2.9000000e-01   1.0710574e+00
   3.0000000e-01   1.0559193e+00
   3.1000000e-01   1.0475167e+00
   3.2000000e-01   1.0588431e+00
   3.3000000e-01   1.0474190e+00
   3.4000000e-01   1.0378659e+00
   3.5000000e-01   1.0518920e+00
   3.6000000e-01   1.0364492e+00
   3.7000000e-01   1.0509146e+00
   3.8000000e-01   1.0271197e+00
   3.9000000e-01   1.0418822e+00
   4.0000000e-01   1.0444726e+00
   4.1000000e-01   1.0429821e+00
   4.2000000e-01   1.0455076e+00
   4.3000000e-01   1.0308986e+00
   4.4000000e-01   1.0425925e+00
   4.5000000e-01   1.0411105e+00
   4.6000000e-01   1.0304442e+00
   4.7000000e-01   1.0714781e+00
   4.8000000e-01   1.0456532e+00
   4.9000000e-01   1.0411503e+00
   5.0000000e-01   1.0301391e+00
   5.1000000e-01   1.0094653e+00
   5.2000000e-01   1.0176227e+00
   5.3000000e-01   1.0183170e+00
   5.4000000e-01   1.0249900e+00
   5.5000000e-01   1.0125466e+00
   5.6000000e-01   1.0210210e+00
   5.7000000e-01   1.0251124e+00
   5.8000000e-01   1.0121004e+00
   5.9000000e-01   1.0009011e+00
   6.0000000e-01   1.0135048e+00
   6.1000000e-01   1.0141843e+00
   6.2000000e-01   9.9472467e-01
   6.3000000e-01   1.0195187e+00
   6.4000000e-01   1.0057350e+00
   6.5000000e-01   9.9790587e-01
   6.6000000e-01   9.9910300e-01
   6.7000000e-01   1.0118106e+00
   6.8000000e-01   1.0016370e+00
   6.9000000e-01   9.9948517e-01
   7.0000000e-01   9.9333319e-01
   7.1000000e-01   1.0023905e+00
   7.2000000e-01   9.8851305e-01
   7.3000000e-01   1.0005043e+00
   7.4000000e-01   1.0323121e+00
   7.5000000e-01   9.9739986e-01
   7.6000000e-01   9.9195068e-01
   7.7000000e-01   1.0064290e+00
   7.8000000e-01   9.9148393e-01
   7.9000000e-01   9.9307464e-01
   8.0000000e-01   9.9753283e-01
   8.1000000e-01   9.9959544e-01
   8.2000000e-01   1.0041626e+00
   8.3000000e-01   1.0082235e+00
   8.4000000e-01   1.0057246e+00
   8.5000000e-01   9.9731725e-01
   8.6000000e-01   1.0049118e+00
   8.7000000e-01   1.0074959e+00
   8.8000000e-01   1.0096619e+00
   8.9000000e-01   1.0290394e+00
   9.0000000e-01   1.0418202e+00
   9.1000000e-01   1.0149439e+00
   9.2000000e-01   1.0250162e+00
   9.3000000e-01   1.0321339e+00
   9.4000000e-01   1.0449707e+00
   9.5000000e-01   1.0375087e+00
   9.6000000e-01   1.0384609e+00
   9.7000000e-01   1.0489635e+00
   9.8000000e-01   1.0360660e+00
   9.9000000e-01   1.0570044e+00
   1.0000000e+00   1.0558228e+00
