  1.8684978e+002
  2.0025905e+002
  1.8822403e+002
  1.9592512e+002
  1.9721763e+002
  1.9733200e+002
  1.8815152e+002
  1.9058859e+002
  1.9690307e+002
  1.8280437e+002
  1.8969797e+002
  1.9421110e+002
  1.9307861e+002
  1.8525477e+002
  1.9312979e+002
  2.0510676e+002
  1.9016922e+002
  1.8292260e+002
  1.9510583e+002
  1.9590722e+002
  1.9550953e+002
  1.8788950e+002
  1.8600462e+002
  1.8897822e+002
  1.9756757e+002
  1.8787738e+002
  1.9442297e+002
  1.9043782e+002
  1.9167706e+002
  1.9626654e+002
  1.9335898e+002
  1.9956885e+002
  1.8873231e+002
  1.9518523e+002
  1.8436487e+002
  1.8842478e+002
  1.9432676e+002
  1.9273129e+002
  1.8557430e+002
  1.9960148e+002
  1.8961390e+002
  1.9050575e+002
  1.9215587e+002
  1.9356622e+002
  1.9993498e+002
  1.8963622e+002
  1.8793046e+002
  1.8215129e+002
  2.0004660e+002
  1.8721701e+002

